OUT1	test	1	0.0157079	1	1.58101e-322	0	-740.974	1.83127e-11	1	1.58101e-322	0	-740.974	1.83127e-11
OUT1	test	10001	1	0.178975	-0.175693	0.79833	NAN	NAN	0.171998	-0.298783	0.926896	NAN	NAN
OUT1	test	10002	2	0.155894	-0.156539	0.80351	NAN	NAN	0.149863	-0.218941	0.932284	NAN	NAN
OUT1	test	10003	3	0.11702	-0.00666481	0.846597	NAN	NAN	0.114254	0.00362005	0.97313	NAN	NAN
OUT1	test	10004	4	0.0813695	0.259461	0.838926	NAN	NAN	0.0833918	0.327055	0.98269	NAN	NAN
OUT1	test	10005	5	0.0562262	0.677179	0.84845	NAN	NAN	0.0636866	0.827662	1.07994	NAN	NAN
OUT1	test	10006	6	0.0417123	1.23713	0.961038	NAN	NAN	0.0528742	1.51113	1.1634	NAN	NAN
OUT1	test	10007	7	0.0387842	2.04244	1.15948	NAN	NAN	0.0539532	2.47086	1.33553	NAN	NAN
OUT1	test	10008	8	0.0462304	3.16591	1.35638	NAN	NAN	0.0619813	3.60102	1.65106	NAN	NAN
OUT1	test	10009	9	0.0579446	4.44995	1.63185	1.40479	0.484325	0.0754825	5.00339	1.96385	NAN	NAN
OUT1	test	10010	10	0.072793	5.90949	1.66615	1.73285	0.30719	0.0883037	6.46534	2.12196	1.80366	0.378516
OUT1	test	10011	11	0.0829094	7.16971	1.83112	1.93411	0.277462	0.10169	7.8561	2.2697	2.01123	0.338111
OUT1	test	10012	12	0.0943596	8.50688	1.94274	2.11153	0.252546	0.106236	8.96396	2.12447	2.16059	0.269555
OUT1	test	10013	13	0.0979059	9.68184	2.03996	2.24645	0.223692	0.10575	9.99514	2.0531	2.2792	0.220541
OUT1	test	10014	14	0.103777	10.9081	2.12297	2.36917	0.206726	0.105116	10.9534	1.91234	2.37752	0.183532
OUT1	test	10015	15	0.108435	12.2245	2.14922	2.48716	0.183782	0.103151	11.9766	1.92384	2.46968	0.165
OUT1	test	10016	16	0.108764	13.2183	2.12368	2.56832	0.164872	0.103923	12.9537	1.92047	2.55009	0.152034
OUT1	test	10017	17	0.107984	14.222	2.2344	2.64201	0.162011	0.102179	13.8437	1.90981	2.61785	0.143774
OUT1	test	10018	18	0.107708	15.2708	2.21138	2.71519	0.148186	0.100653	14.8693	1.92957	2.69079	0.131242
OUT1	test	10019	19	0.106567	16.0837	2.1963	2.76821	0.139946	0.102752	15.8657	1.80246	2.75758	0.115598
OUT1	test	10020	20	0.111129	17.2191	2.12598	2.83819	0.126423	0.0989553	16.7888	1.88162	2.81434	0.113524
OUT1	test	10021	21	0.108695	18.1182	2.13647	2.8898	0.120285	0.0998897	17.9221	2.00906	2.87967	0.113518
OUT1	test	10022	22	0.110746	19.1822	2.07985	2.94807	0.109221	0.0960638	18.8606	2.0876	2.93096	0.110821
OUT1	test	10023	23	0.108813	20.1103	2.1198	2.99553	0.10776	0.0987383	19.9199	2.13117	2.98595	0.107945
OUT1	test	10024	24	0.107228	21.1505	2.12783	3.04655	0.101582	0.101762	20.9481	2.15679	3.03666	0.104577
OUT1	test	10025	25	0.105095	22.0598	2.23649	3.08853	0.10286	0.101004	21.9467	2.11202	3.08394	0.0970841
OUT1	test	10026	26	0.109662	23.1832	2.17373	3.13897	0.0950283	0.102578	22.9942	2.14932	3.13085	0.0939858
OUT1	test	10027	27	0.111762	24.2868	2.1505	3.18596	0.0895714	0.0976731	23.9317	2.30009	3.17057	0.0965212
OUT1	test	10028	28	0.10756	25.1342	2.14627	3.22057	0.0857478	0.0988619	25.0688	2.37265	3.21713	0.0950789
OUT1	test	10029	29	0.106799	26.0767	2.16907	3.25755	0.0838728	0.100619	25.9099	2.16495	3.2511	0.08421
OUT1	test	10030	30	0.103681	27.0356	2.21004	3.2938	0.0820412	0.105656	27.0691	2.16442	3.29517	0.0805993
OUT1	test	10031	31	0.104674	28.045	2.24812	3.33056	0.0810534	0.105951	28.1426	2.26279	3.33402	0.0811037
OUT1	test	10032	32	0.104895	29.1897	2.37292	3.37049	0.0817626	0.108233	29.1898	2.26426	3.37078	0.0782977
OUT1	test	10033	33	0.103342	30.2025	2.36059	3.40488	0.0781789	0.107803	30.2333	2.30995	3.40601	0.0768787
OUT1	test	10034	34	0.100686	31.2243	2.46815	3.43807	0.0791993	0.103613	31.1963	2.40774	3.43731	0.0775853
OUT1	test	10035	35	0.10619	32.1768	2.44418	3.46833	0.0766831	0.105419	32.1559	2.27669	3.46808	0.0712256
OUT1	test	10036	36	0.107544	33.2012	2.36598	3.50003	0.0717499	0.104867	33.1252	2.3137	3.49785	0.0701492
OUT1	test	10037	37	0.104911	34.1787	2.38172	3.52916	0.0701054	0.104445	34.2012	2.39947	3.52978	0.0706334
OUT1	test	10038	38	0.107796	35.2066	2.30467	3.55906	0.0662986	0.108234	35.2503	2.26551	3.5604	0.0645846
OUT1	test	10039	39	0.104103	36.2206	2.35608	3.58751	0.0652103	0.104635	36.0659	2.19835	3.58349	0.0610961
OUT1	test	10040	40	0.103902	37.1332	2.3136	3.61256	0.0626388	0.105113	37.139	2.34526	3.61267	0.0634113
OUT1	test	10041	41	0.106265	38.239	2.38881	3.64189	0.0627855	0.104994	38.2349	2.33343	3.64189	0.0610045
OUT1	test	10042	42	0.10499	39.1203	2.38638	3.66476	0.0615179	0.102604	39.0627	2.40926	3.66325	0.0621113
OUT1	test	10043	43	0.104417	40.1994	2.38578	3.69209	0.0594777	0.107761	40.2837	2.29888	3.69432	0.0571911
OUT1	test	10044	44	0.109554	41.2925	2.30181	3.71912	0.056092	0.10509	41.1956	2.4301	3.71659	0.0590876
OUT1	test	10045	45	0.107977	42.1798	2.29016	3.74046	0.0545909	0.10427	42.1399	2.34426	3.73944	0.0560035
OUT1	test	10046	46	0.103506	43.3103	2.44083	3.7668	0.0563935	0.106	43.2452	2.38071	3.76537	0.0552103
OUT1	test	10047	47	0.111193	44.3116	2.2478	3.78995	0.0509255	0.105958	44.3626	2.46505	3.79085	0.0556475
OUT1	test	10048	48	0.11174	45.3433	2.24958	3.81303	0.0498493	0.107118	45.3657	2.45051	3.8133	0.0540414
OUT1	test	10049	49	0.104521	46.2082	2.40209	3.8318	0.052114	0.107558	46.4068	2.39219	3.83611	0.0517872
OUT1	test	10050	50	0.106037	47.3077	2.26945	3.85553	0.047918	0.108316	47.3208	2.29649	3.85576	0.0488519
OUT1	test	10051	51	0.106653	48.2184	2.39467	3.87449	0.0501636	0.105287	48.2931	2.44225	3.87601	0.0507264
OUT1	test	10052	52	0.104681	49.1376	2.26222	3.89357	0.0460226	0.105425	49.378	2.48675	3.89824	0.0502708
OUT1	test	10053	53	0.104	50.0776	2.30658	3.91252	0.0460576	0.104469	50.3813	2.61144	3.91827	0.0520648
OUT1	test	10054	54	0.106318	51.139	2.30383	3.93353	0.0451771	0.108737	51.4465	2.44349	3.93941	0.0476526
OUT1	test	10055	55	0.10647	52.1486	2.18776	3.95322	0.0419799	0.104232	52.2473	2.4327	3.9549	0.0466973
OUT1	test	10056	56	0.104865	53.2158	2.25482	3.97346	0.0423107	0.10152	53.3254	2.53193	3.97529	0.0474396
OUT1	test	10057	57	0.107266	54.2826	2.42345	3.99321	0.0447469	0.103374	54.1907	2.55244	3.99139	0.0473567
OUT1	test	10058	58	0.107563	55.256	2.41281	4.01102	0.0437107	0.10343	55.3086	2.44178	4.01195	0.0442347
OUT1	test	10059	59	0.107412	56.3121	2.32048	4.03006	0.0412316	0.0997118	56.2265	2.59667	4.02832	0.0462536
OUT1	test	10060	60	0.105948	57.2013	2.34547	4.04573	0.0411316	0.101137	57.3246	2.60157	4.0477	0.0454361
OUT1	test	10061	61	0.106198	58.2856	2.43184	4.06448	0.0417754	0.105525	58.2993	2.38899	4.06475	0.0410253
OUT1	test	10062	62	0.103471	59.332	2.58614	4.0822	0.0436425	0.10105	59.1547	2.44099	4.07931	0.0412231
OUT1	test	10063	63	0.104428	60.3706	2.60245	4.09957	0.0431947	0.10097	60.1545	2.59804	4.09598	0.0434796
OUT1	test	10064	64	0.109432	61.5097	2.5553	4.11833	0.0417725	0.100834	61.3975	2.54334	4.11651	0.0414032
OUT1	test	10065	65	0.105026	62.3631	2.58813	4.13211	0.0416678	0.10235	62.3232	2.54455	4.1315	0.0408808
OUT1	test	10066	66	0.101843	63.2304	2.61007	4.14593	0.0414166	0.100815	63.3238	2.6102	4.14741	0.0413602
OUT1	test	10067	67	0.101307	64.1781	2.54002	4.16088	0.0396202	0.101893	64.351	2.64584	4.1635	0.0412536
OUT1	test	10068	68	0.108382	65.3317	2.53114	4.17872	0.0389022	0.100401	65.1947	2.48852	4.17665	0.0382106
OUT1	test	10069	69	0.105253	66.4107	2.5471	4.19512	0.0383471	0.103004	66.173	2.42761	4.1916	0.0367915
OUT1	test	10070	70	0.103403	67.3061	2.58087	4.20851	0.0384457	0.0999111	67.204	2.57566	4.207	0.0384488
OUT1	test	10071	71	0.108365	68.5265	2.52075	4.22654	0.0368512	0.102215	68.3435	2.51544	4.22387	0.0367633
OUT1	test	10072	72	0.10513	69.3209	2.38825	4.23815	0.0344272	0.101995	69.3396	2.58877	4.23832	0.0374215
OUT1	test	10073	73	0.109523	70.456	2.42026	4.2544	0.0344586	0.0994383	70.2215	2.56926	4.25098	0.0366525
OUT1	test	10074	74	0.110649	71.458	2.44063	4.26853	0.0342523	0.0992633	71.3387	2.59408	4.26678	0.0363784
OUT1	test	10075	75	0.109566	72.4205	2.33895	4.28197	0.0323197	0.104144	72.4266	2.58796	4.28193	0.0357921
OUT1	test	10076	76	0.104834	73.3166	2.47419	4.29422	0.0337524	0.104529	73.418	2.48289	4.29559	0.0339479
OUT1	test	10077	77	0.10798	74.281	2.39319	4.30734	0.0322768	0.105116	74.3547	2.44313	4.3083	0.0330249
OUT1	test	10078	78	0.104855	75.3235	2.4508	4.32126	0.0325847	0.0979069	75.215	2.50156	4.3198	0.0332307
OUT1	test	10079	79	0.106174	76.2972	2.36733	4.33415	0.0310468	0.0945866	76.1504	2.6133	4.33212	0.0342232
OUT1	test	10080	80	0.105382	77.1313	2.23021	4.34509	0.0289526	0.102235	77.1854	2.52136	4.34568	0.0327142
OUT1	test	10081	81	0.104082	78.1891	2.36544	4.35867	0.0302475	0.102379	78.3743	2.54949	4.36097	0.032591
OUT1	test	10082	82	0.10519	79.2287	2.45134	4.37186	0.0309371	0.103443	79.455	2.50727	4.37469	0.0316115
OUT1	test	10083	83	0.106177	80.3028	2.28185	4.3854	0.0284145	0.101675	80.2637	2.51752	4.38483	0.0313765
OUT1	test	10084	84	0.105947	81.3042	2.39421	4.39776	0.029453	0.100363	81.2594	2.43665	4.3972	0.0300225
OUT1	test	10085	85	0.103417	82.1421	2.33745	4.40805	0.0284664	0.0981951	82.2386	2.5114	4.40916	0.0305012
OUT1	test	10086	86	0.105541	83.2613	2.41314	4.42156	0.0289693	0.0990503	83.3037	2.64245	4.42199	0.0317029
OUT1	test	10087	87	0.104426	84.1314	2.36655	4.43198	0.0281675	0.0978226	84.2669	2.63915	4.4335	0.0313481
OUT1	test	10088	88	0.10745	85.3336	2.41817	4.44617	0.0283623	0.100479	85.3316	2.59099	4.44608	0.0303559
OUT1	test	10089	89	0.104933	86.2415	2.38631	4.45677	0.0276905	0.0993818	86.2359	2.5569	4.45665	0.029715
OUT1	test	10090	90	0.109962	87.3368	2.37372	4.4694	0.0272225	0.0976915	87.2534	2.54525	4.46839	0.0291726
OUT1	test	10091	91	0.103423	88.2157	2.40999	4.47941	0.0273261	0.0993604	88.33	2.51625	4.48068	0.0284597
OUT1	test	10092	92	0.108631	89.2607	2.33532	4.49122	0.0262173	0.0986856	89.3346	2.55933	4.49198	0.028651
OUT1	test	10093	93	0.103894	90.291	2.49754	4.50266	0.0276808	0.0994576	90.4362	2.58492	4.50424	0.0285651
OUT1	test	10094	94	0.106612	91.3404	2.44929	4.51423	0.0268439	0.0983381	91.374	2.64754	4.51454	0.0289465
OUT1	test	10095	95	0.106073	92.3695	2.48745	4.52543	0.0269064	0.100359	92.3532	2.56208	4.52524	0.0277035
OUT1	test	10096	96	0.105073	93.3754	2.45909	4.53628	0.0263188	0.0988979	93.2434	2.65175	4.53481	0.0285204
OUT1	test	10097	97	0.103215	94.3066	2.61794	4.54617	0.027767	0.10185	94.3728	2.45678	4.54691	0.0260339
OUT1	test	10098	98	0.0996154	95.3166	2.72597	4.5568	0.0286042	0.10021	95.3331	2.51605	4.55703	0.0264181
OUT1	test	10099	99	0.101112	96.3241	2.77211	4.56731	0.0287744	0.0990309	96.3156	2.46274	4.5673	0.0255495
OUT1	test	10100	100	0.101479	97.4129	2.70678	4.57857	0.0277614	0.0976856	97.2059	2.58678	4.57648	0.026615
