OUT1	test	1	0.0157079	1	1.58101e-322	0	-740.974	1.83127e-11	1	1.58101e-322	0	-740.974	1.83127e-11
OUT1	test	10001	2	0.174448	-0.141997	0.968264	NAN	NAN	0.180345	-0.222611	0.774194	NAN	NAN
OUT1	test	10002	4	0.112921	-0.0936232	0.889386	NAN	NAN	0.108027	-0.179519	0.763091	NAN	NAN
OUT1	test	10003	6	0.0414367	0.262966	0.90944	NAN	NAN	0.0359066	0.131184	0.81532	NAN	NAN
OUT1	test	10004	8	0.0130488	0.913731	0.985398	NAN	NAN	0.0100515	0.680314	0.93396	NAN	NAN
OUT1	test	10005	10	0.00649983	2.01265	1.23139	NAN	NAN	0.00582484	1.88074	1.21955	NAN	NAN
OUT1	test	10006	12	0.0078041	3.87402	1.54779	NAN	NAN	0.00783099	3.8325	1.57202	NAN	NAN
OUT1	test	10007	14	0.0140986	6.24315	1.84101	1.78168	0.333153	0.0135238	6.3775	1.74967	1.80962	0.30921
OUT1	test	10008	16	0.0272371	9.0509	2.12121	2.17274	0.255438	0.0210546	8.77687	2.03052	2.14184	0.256694
OUT1	test	10009	18	0.042295	11.8307	2.378	2.45014	0.205056	0.0283682	11.2344	2.17966	2.39904	0.204331
OUT1	test	10010	20	0.0525629	14.2768	2.57146	2.6418	0.186168	0.0356368	13.7539	2.15927	2.60853	0.162176
OUT1	test	10011	22	0.058994	16.6466	2.47572	2.80071	0.153653	0.038427	15.9483	2.20021	2.7596	0.141055
OUT1	test	10012	24	0.0568561	18.5768	2.36654	2.9136	0.130184	0.042598	18.2271	2.32436	2.89462	0.129765
OUT1	test	10013	26	0.0539297	20.569	2.28405	3.0175	0.112903	0.0413872	20.1863	2.27837	2.9985	0.114891
OUT1	test	10014	28	0.050356	22.3799	2.35112	3.1026	0.105944	0.0400789	22.1977	2.27224	3.09471	0.103231
OUT1	test	10015	30	0.0502412	24.4438	2.45341	3.19129	0.101291	0.0427677	24.3575	2.44826	3.18773	0.101625
OUT1	test	10016	32	0.0533959	26.5631	2.27052	3.27583	0.086329	0.0435337	26.5099	2.32795	3.27366	0.0880312
OUT1	test	10017	34	0.049772	28.5036	2.20036	3.34703	0.0776644	0.0454233	28.5201	2.38111	3.34709	0.0843343
OUT1	test	10018	36	0.0496274	30.4081	2.28022	3.41187	0.0756392	0.0453073	30.5985	2.34637	3.41799	0.0771759
OUT1	test	10019	38	0.0516305	32.4797	2.30925	3.47806	0.0718818	0.0451239	32.6111	2.26261	3.48224	0.0695203
OUT1	test	10020	40	0.050166	34.4632	2.28	3.5377	0.0664205	0.0427998	34.5578	2.38396	3.54026	0.0688606
OUT1	test	10021	42	0.0496373	36.4133	2.20973	3.59309	0.0608624	0.0426891	36.4899	2.38465	3.59489	0.0657118
OUT1	test	10022	44	0.0523875	38.5877	2.22356	3.65127	0.0577987	0.0435977	38.51	2.46667	3.64886	0.0643126
OUT1	test	10023	46	0.0515288	40.468	2.30772	3.69888	0.057374	0.0458981	40.6252	2.37466	3.70267	0.0587048
OUT1	test	10024	48	0.0509849	42.4724	2.30745	3.74737	0.0545606	0.0468888	42.661	2.50027	3.75156	0.0588202
OUT1	test	10025	50	0.0519345	44.5309	2.33278	3.79481	0.052477	0.047541	44.7572	2.48224	3.79971	0.0555627
OUT1	test	10026	52	0.0502599	46.4275	2.15831	3.8368	0.0467492	0.0466963	46.799	2.56493	3.84436	0.0547269
OUT1	test	10027	54	0.046995	48.3003	2.19809	3.8764	0.0456745	0.0492716	48.8446	2.75421	3.88705	0.0566129
OUT1	test	10028	56	0.0468063	50.3258	2.34216	3.91744	0.046546	0.0503496	50.8851	2.6766	3.92818	0.052762
OUT1	test	10029	58	0.0487277	52.4239	2.24582	3.95844	0.0428857	0.048575	52.8511	2.69787	3.96618	0.0511024
OUT1	test	10030	60	0.0482468	54.3938	2.37741	3.99529	0.0438014	0.0474928	54.6944	2.75105	4.00049	0.0504634
OUT1	test	10031	62	0.0511818	56.6003	2.42629	4.03509	0.0430847	0.0484732	56.7518	2.73721	4.03753	0.0482515
OUT1	test	10032	64	0.0487025	58.451	2.38543	4.06736	0.0408866	0.0510272	58.935	2.60944	4.07545	0.0444873
OUT1	test	10033	66	0.048241	60.4631	2.59139	4.10112	0.0428026	0.04757	60.7618	2.57542	4.10606	0.0423702
OUT1	test	10034	68	0.0533866	62.7149	2.53351	4.13778	0.0404431	0.0482089	62.8592	2.69905	4.13998	0.0428823
OUT1	test	10035	70	0.0538179	64.7402	2.4595	4.16966	0.0380495	0.0496635	64.889	2.71745	4.1718	0.0418299
OUT1	test	10036	72	0.0564529	66.8899	2.57179	4.20231	0.0385831	0.0511732	66.8942	2.69582	4.2023	0.0404873
OUT1	test	10037	74	0.0528372	68.7604	2.49473	4.22997	0.0362989	0.0504509	68.8933	2.75198	4.23176	0.0401283
OUT1	test	10038	76	0.0510973	70.6635	2.5431	4.25728	0.0359939	0.0531408	71.0237	2.62458	4.26233	0.0370688
OUT1	test	10039	78	0.0508641	72.7316	2.53497	4.28617	0.0348451	0.0485392	72.8186	2.63065	4.28732	0.0361393
OUT1	test	10040	80	0.0528387	74.7478	2.71226	4.31346	0.0362994	0.0492904	74.8386	2.52042	4.31477	0.0337126
OUT1	test	10041	82	0.0551004	76.9518	2.79433	4.34252	0.0363736	0.0479339	76.7157	2.57024	4.33954	0.033542
OUT1	test	10042	84	0.0542612	78.8163	2.77688	4.3665	0.0353302	0.048729	78.8785	2.51446	4.3674	0.0318601
OUT1	test	10043	86	0.0523037	80.8447	2.92092	4.39188	0.0361389	0.0465278	80.7792	2.65502	4.39118	0.0328483
OUT1	test	10044	88	0.0521937	82.8958	3.1305	4.41687	0.0377734	0.0476857	82.835	2.71762	4.41631	0.0327568
OUT1	test	10045	90	0.0544251	85.0348	3.05278	4.44241	0.0359919	0.0493305	84.8735	2.70283	4.44065	0.0318787
OUT1	test	10046	92	0.0568619	87.066	3.00553	4.46607	0.0346136	0.047455	86.8014	2.76299	4.46311	0.0319143
OUT1	test	10047	94	0.0555703	89.0227	3.03979	4.48831	0.0342361	0.0487167	88.8672	2.92159	4.4866	0.0329615
OUT1	test	10048	96	0.0559123	91.1466	3.05361	4.51191	0.033589	0.0493503	90.8902	2.87291	4.50915	0.0316234
OUT1	test	10049	98	0.0552373	93.114	3.0202	4.5333	0.0324256	0.0497732	93.0134	3.00272	4.53222	0.0322635
OUT1	test	10050	100	0.0557482	95.1763	3.0082	4.55523	0.0316325	0.0493311	95.1067	3.13513	4.55446	0.0330341
OUT1	test	10051	102	0.0543604	97.1112	3.03917	4.57537	0.031285	0.0485185	97.1145	3.25742	4.57533	0.0335394
OUT1	test	10052	104	0.0569331	99.2031	3.05806	4.59669	0.0308873	0.0472616	99.1422	3.32019	4.596	0.0334644
OUT1	test	10053	106	0.058218	101.216	2.89366	4.61685	0.0286527	0.0494783	101.178	3.26996	4.61636	0.0323356
OUT1	test	10054	108	0.0547442	103.02	3.01788	4.63449	0.0293366	0.0505067	103.242	3.21245	4.63659	0.0311012
OUT1	test	10055	110	0.0527355	105.076	3.12638	4.65424	0.0297167	0.0506076	105.169	3.08056	4.65514	0.0293362
OUT1	test	10056	112	0.0531555	107.044	2.99349	4.67285	0.0279699	0.0492628	107.123	3.04931	4.67357	0.0284367
OUT1	test	10057	114	0.0528323	109.077	3.08788	4.69166	0.0283425	0.0501151	109.092	3.22749	4.69175	0.029686
OUT1	test	10058	116	0.0548596	111.217	3.00136	4.71112	0.0270502	0.0499665	111.197	3.24858	4.71087	0.0293019
OUT1	test	10059	118	0.052627	112.99	3.0047	4.72695	0.0265995	0.0498364	113.269	3.08874	4.72939	0.0272759
OUT1	test	10060	120	0.0544078	115.159	2.9484	4.74598	0.0256334	0.0487332	115.197	3.11232	4.74628	0.0270107
OUT1	test	10061	122	0.0518728	116.904	2.83176	4.76106	0.0242582	0.0483625	117.085	3.30854	4.7625	0.0283203
OUT1	test	10062	124	0.0517658	118.933	2.86735	4.77827	0.0241452	0.0489421	119.111	3.11743	4.77971	0.0261823
OUT1	test	10063	126	0.0495583	120.778	2.80547	4.79368	0.023228	0.0508087	121.374	3.28526	4.79851	0.0270743
OUT1	test	10064	128	0.0510311	122.939	2.67485	4.81145	0.0217528	0.0487229	123.278	3.23663	4.8141	0.0262223
OUT1	test	10065	130	0.0529968	125.005	2.93761	4.82808	0.0235053	0.0513719	125.343	3.09524	4.83075	0.0247213
OUT1	test	10066	132	0.0508884	127.03	2.86395	4.84417	0.0225345	0.0482144	127.336	3.16898	4.84652	0.024862
OUT1	test	10067	134	0.0541187	129.147	2.85041	4.86071	0.0220818	0.048954	129.271	3.18592	4.86161	0.0246547
OUT1	test	10068	136	0.0519917	131.011	2.92144	4.87503	0.0223105	0.0493628	131.283	3.13579	4.87707	0.023897
OUT1	test	10069	138	0.0537128	133.125	2.98102	4.89104	0.0224084	0.0480615	133.052	3.08688	4.89047	0.0232351
OUT1	test	10070	140	0.0536313	135.051	2.85418	4.90543	0.0211674	0.0490411	135.152	2.97591	4.90616	0.0220368
OUT1	test	10071	142	0.0507363	136.921	2.77939	4.9192	0.0203046	0.0471701	136.985	2.97861	4.91963	0.0217402
OUT1	test	10072	144	0.0507222	139.012	2.80739	4.93435	0.0201854	0.0479138	139.071	2.93468	4.93476	0.0210873
OUT1	test	10073	146	0.0491344	140.842	2.77156	4.94745	0.0196567	0.0481997	140.986	2.95597	4.94844	0.0209821
OUT1	test	10074	148	0.0504353	142.923	3.00396	4.96209	0.0209995	0.0494305	143.057	2.92908	4.96303	0.0205201
OUT1	test	10075	150	0.0516075	145.027	2.91319	4.97672	0.0200837	0.0471687	145.065	2.88373	4.97698	0.0198737
OUT1	test	10076	152	0.052798	147.065	3.03854	4.99066	0.0206978	0.0484995	147.065	2.88351	4.99068	0.0196119
OUT1	test	10077	154	0.0522303	148.998	2.93815	5.00374	0.0197129	0.0495006	149.063	2.74082	5.0042	0.0183985
OUT1	test	10078	156	0.0520516	150.952	2.90895	5.01678	0.0192943	0.0492224	150.985	2.69696	5.01702	0.017888
OUT1	test	10079	158	0.049987	152.933	3.11782	5.02979	0.0204084	0.0465851	152.791	2.65075	5.02892	0.0173524
OUT1	test	10080	160	0.0515901	154.901	2.99137	5.0426	0.0193364	0.0461983	154.78	2.84538	5.04184	0.0183911
OUT1	test	10081	162	0.0513369	156.946	2.99023	5.05572	0.0190875	0.04778	156.905	2.70211	5.05549	0.0172306
OUT1	test	10082	164	0.0495723	158.805	2.99636	5.0675	0.0188836	0.0431495	158.699	2.71756	5.06686	0.0171091
OUT1	test	10083	166	0.0504173	160.967	2.89799	5.08104	0.0179932	0.0456844	160.747	2.78809	5.07968	0.0173586
OUT1	test	10084	168	0.0511855	162.967	2.86851	5.0934	0.0175927	0.0452654	162.793	2.57497	5.09236	0.0158177
OUT1	test	10085	170	0.0529117	165.17	2.96896	5.10681	0.0179827	0.0465222	164.805	2.53757	5.10465	0.0154021
OUT1	test	10086	172	0.0511665	167.128	2.88205	5.11861	0.0172327	0.0460634	166.786	2.50942	5.1166	0.0150557
OUT1	test	10087	174	0.0536332	169.038	2.91488	5.12998	0.0172793	0.0439712	168.681	2.50994	5.1279	0.0148842
OUT1	test	10088	176	0.0488904	170.891	3.02728	5.14087	0.0177282	0.043751	170.689	2.4407	5.13974	0.0143014
OUT1	test	10089	178	0.0493257	172.907	3.07637	5.1526	0.0178159	0.0440417	172.665	2.47928	5.15125	0.0143505
OUT1	test	10090	180	0.0519996	174.939	2.90419	5.1643	0.0166239	0.0431522	174.609	2.39045	5.16245	0.01369
OUT1	test	10091	182	0.0521214	177.049	2.929	5.17629	0.0165311	0.0440763	176.718	2.36057	5.17447	0.0133602
OUT1	test	10092	184	0.0515994	178.963	2.7189	5.18706	0.0152121	0.0404269	178.458	2.49308	5.18426	0.0139759
OUT1	test	10093	186	0.0510958	180.914	2.90407	5.19789	0.0160612	0.039429	180.486	2.57494	5.19555	0.0142625
OUT1	test	10094	188	0.049008	182.875	2.8755	5.20868	0.0157049	0.0407046	182.481	2.58991	5.20655	0.014192
OUT1	test	10095	190	0.0508486	184.895	2.76825	5.21967	0.0149684	0.0443651	184.766	2.67232	5.21899	0.0144591
OUT1	test	10096	192	0.0520293	187.066	2.88434	5.23135	0.0154151	0.0468302	186.863	2.74827	5.23027	0.0147165
OUT1	test	10097	194	0.0552107	189.035	2.77419	5.24182	0.0146959	0.047682	189.005	2.78547	5.24166	0.0147416
OUT1	test	10098	196	0.0510594	191.045	2.96773	5.25239	0.0155225	0.0464195	190.961	2.78987	5.25196	0.0146136
OUT1	test	10099	198	0.0504242	192.926	2.81774	5.2622	0.0146056	0.0465597	192.958	2.80364	5.26237	0.014544
OUT1	test	10100	200	0.0491833	194.799	2.90581	5.27186	0.0149291	0.0449476	194.957	2.83894	5.27267	0.0145547
